3
180
1.522878191602313 4.314868099655852
0.041001907315905584 3.8244402220071727
2.7811868833540223 3.049664758814354
0.3951360678989655 3.487396894270534
2.4715391462791443 2.6721598612289066
2.8582700747879897 3.482785863178955
2.193551334932234 2.6518929640247833
1.5201805103505952 4.434775630383058
3.5038712310902596 3.9933286491966373
-0.43170401019565396 3.070405498895144
1.653253750584115 2.603133551226779
1.9787373111128426 2.3387204635949264
0.27619349020207884 2.1487835981906143
0.7474432624470859 2.142242469352781
3.5971798790803655 2.9627493336620314
0.8382870660238124 3.6387295042790897
1.9728153449788601 1.5934954882656924
2.1923627448540604 3.1755175558523847
2.8971305298746763 4.600689269032584
0.609167902211506 4.134953052851535
1.8781178015001456 3.5199913739166173
3.028015666164804 2.495320122125502
4.617210280926685 4.445936394288136
1.1540987485262777 2.50030732808851
3.001711484923702 1.9474479105117697
1.6607437042725859 3.940753177355841
0.5731120573138524 3.2262862056712387
2.5897381871135337 1.1621668349420788
1.2409576100415376 3.0416519264033783
1.7828235398533694 2.562315126817836
1.349583595587385 3.512670409196882
0.9307483472454157 2.3808878756859087
1.8564939338686848 3.2391099891301676
1.2557402222933467 2.220610322272423
1.9418332412028687 2.5771581187266848
3.965389509512913 3.8269613445979234
0.9168949371562467 1.9854118603606539
1.961017330370771 2.887429348652273
-0.46312137567148204 3.449845466026369
1.2989695935001828 3.2976047161643103
0.5507885228268434 2.9069913955945457
1.1091117998195066 2.03918493528402
2.1467722886409377 1.229281915413123
-0.535752580814715 3.7535422565376235
0.684613132466126 2.187917465760957
1.6485832770045479 3.148782101144671
-0.7851819317190936 2.97981295611263
0.5132126314728411 2.6640853325006835
1.646982949263066 2.4813552612514798
2.7749732573721326 3.5621281189964287
11.835673182381953 12.666440479876904
12.563188779834315 12.369078321113294
11.878961898834957 13.035224799977724
11.957682477121228 12.17141903490196
12.125133900782314 13.315532306599952
12.767482610141476 14.413384554888705
11.106833023048914 14.398584028579025
13.168414972158763 12.066974181011787
11.652606202617072 13.519146782138694
14.310854501392871 12.874742962154103
11.573664247945304 12.110159537184769
11.938260649322931 12.202072439753822
12.760986040174489 12.318214317075048
12.49519914619468 11.593559066937525
13.211310142265619 12.002714791796318
11.560905146862536 13.303264431428877
13.011846317027485 11.647823469053261
11.711427468399338 12.714513757465177
11.309035501088918 11.64538655113101
12.830125104573327 13.592439005515637
10.770438479881655 11.797495213485208
12.815454208774911 12.08600315584923
11.998846705717842 13.437996401629213
10.943955299157329 14.30619562059634
10.977113521436253 10.448836166466213
12.660796555252473 12.461649233469352
13.001897138757352 13.486756591944697
14.041903963626716 13.411491051523166
10.793821036922857 12.145886999776987
10.470273039670381 13.118631955541803
12.531430891000564 13.110336130468273
9.943013503202286 14.2735399973701
11.403664260391526 13.471999960261908
13.431124895525478 14.14780718007336
10.550212534031049 11.407905508553272
11.66951658033041 12.349981435008507
11.643206069606807 14.15028228057769
12.423232587545083 12.460803672640854
12.44251265055121 12.915899933851332
11.861932439930404 13.25195136619053
11.117037231500584 12.478974012805745
11.790080327897721 12.293505132209567
12.188439364209534 12.797108912212332
11.093214243782597 12.149272280107692
11.331832817176158 12.809791548798152
12.475560151196921 13.28495934687654
14.119366665799248 11.499543667609473
11.29156964081756 11.892467795072326
11.992535648419665 12.425858466320935
12.17913614838183 14.843518326594653
12.2242234546464 11.061736847578098
12.010271993869885 12.150279265971651
11.076500230780118 14.342839887144317
11.399617790122061 13.2902031428054
11.683338941722797 14.712831260999755
13.239304602682418 12.04903179805422
12.061287298884947 12.294485962730942
10.029538909643046 14.074268386915728
12.883294467307456 12.015897646930883
12.29806314082737 12.377699447686336
21.34519844418006 13.0098443808921
19.984049578086754 12.552997877189839
19.39711603505064 15.416180184256588
20.894557452678722 12.853223183125788
20.19059639366397 13.154842867678271
17.768321810923908 13.52711008748304
18.97296721237702 12.515470762695344
21.401505092579708 10.67574969391903
20.35657570027989 11.856624573771143
19.845454142067286 11.610070360953054
21.328898703063555 13.617948400139042
19.79689672816838 11.901831239170802
21.082240976598538 12.386766129811281
19.7537851018937 14.422944622079214
20.68239355589694 12.237399627076613
19.196273742823895 11.88509127023637
21.616175379260422 13.130500733061133
18.56590227599581 13.854180576790473
18.04490079209033 14.773021471226905
18.98346796479508 14.209717220950022
19.48908027841254 14.703699879210104
21.568135728835152 12.874810466821534
19.250060615897777 12.903850104743912
20.021164639753128 13.566202968454766
19.27961785024374 12.852490454436465
20.02488365528199 11.87101060721173
22.46797949324289 13.69184121946937
19.553560472904422 12.862982857510772
21.712909953233158 12.495218160311634
21.070760584456764 14.09355013138703
18.965019429818113 13.009894536481916
21.211615391966273 14.315748573670074
18.263445613667 13.41457759446323
18.431926736512207 12.939662477926715
21.63942376979877 12.51879976418637
19.376389194628626 13.393164685439723
18.833908790084312 13.49782731405678
19.594424006387843 12.672167578145311
18.126031247186223 13.060148621047983
20.63918820558859 13.593161487542794
20.49215950632241 12.161379574215875
19.411261448874146 13.288202145983186
19.381601311985186 12.102475757400853
20.70128121177408 12.267110616343462
19.96837621326182 13.50733630849789
20.655061249395356 14.425446793432222
21.982193276105836 13.047099154805176
21.726170235825236 13.367921975523455
20.38899973453964 11.364324359866762
22.012376738261743 14.14678562728953
20.155376323068737 14.414185240503805
20.436523992928873 14.181370450510322
18.251598781789628 11.26744446872389
21.83561575324306 12.030140565986397
20.587080414128494 12.930893460096167
18.895016500787843 12.517303059612566
18.912730382441573 13.2780959533769
19.648175476500807 14.98631603926593
20.325438298924176 11.673497498067563
18.299715191205756 13.477319882948498
20.541997814638908 13.378751533743344
21.819588464354187 12.701546451704361
19.749168725020485 11.273978596796791
20.019175944985108 12.613787562445657
20.15014803674563 13.237917061238512
19.411280564367498 13.759373080688151
21.31042912279193 13.521217352410892
20.167178687695326 12.597190554832826
20.54764869909242 13.539506940545758
19.707665870618904 13.05857772005228
